thickness:1
startface
1  148.881 202.001 ,149.016 1.92057 ,-151.019 1.71476 ,-151.155 201.795 ,;false;
2  149.019 -1.70644 ,149.045 -38.7239 ,-150.99 -38.93 ,-151.016 -1.91314 ,;false;
3  151.879 201.991 ,151.884 202.001 ,152.02 1.92001 ,152.015 1.91134 ,;false;
4  -154.024 1.71159 ,-154.029 1.70183 ,-154.166 201.783 ,-154.162 201.792 ,;false;
5  -151.157 204.794 ,-151.17 204.777 ,148.868 204.981 ,148.878 205 ,;false;
6  149.039 -41.7219 ,149.046 -41.7142 ,-150.989 -41.9207 ,-150.995 -41.9324 ,;false;
7  149.045 -50.7179 ,149.04 -43.7169 ,-150.995 -43.9199 ,-150.991 -50.924 ,;false;
8  -151.167 201.799 ,-151.151 179.788 ,148.884 179.995 ,148.869 202.006 ,;false;
9  -151.164 177.587 ,-151.153 177.591 ,148.882 178.156 ,148.871 178.153 ,;false;
endface
startbendline
8  149.018 0.102962 ,-151.018 -0.102951 ;bendangle:1.5708;bendradius:2;
3  146.436 201.995 ,146.573 1.91515 ;bendangle:1.5708;bendradius:2;
4  -148.576 1.71434 ,-148.715 201.795 ;bendangle:1.5708;bendradius:2;
7  -151.155 199.345 ,148.88 199.549 ;bendangle:1.5708;bendradius:2;
5  149.042 -36.2768 ,-150.996 -36.483 ;bendangle:1.5708;bendradius:2;
2  -150.992 -47.0666 ,149.044 -46.8612 ;bendangle:-1.5708;bendradius:2;
6  -151.164 199.343 ,148.871 199.55 ;bendangle:1.5708;bendradius:2;
1  -151.16 182.875 ,148.875 183.187 ;bendangle:-1.5708;bendradius:2;
endbendline
